0.000000000000000000e+00 4.238210348678358059e+03
1.000000000000000000e+00 8.931987944877508312e+01
2.000000000000000000e+00 8.224100512747813241e+01
3.000000000000000000e+00 6.978950019677479588e+01
4.000000000000000000e+00 7.099086591872301710e+01
5.000000000000000000e+00 6.561865603141110626e+01
6.000000000000000000e+00 6.059840225691747406e+01
7.000000000000000000e+00 5.703587920617575691e+01
8.000000000000000000e+00 5.600656331548787392e+01
9.000000000000000000e+00 5.039935432841079432e+01
1.000000000000000000e+01 4.631528110757018624e+01
1.100000000000000000e+01 4.385372207140681411e+01
1.200000000000000000e+01 4.307726571656236558e+01
1.300000000000000000e+01 3.933023269670178479e+01
1.400000000000000000e+01 3.309223456334586189e+01
1.500000000000000000e+01 3.393253907952645676e+01
1.600000000000000000e+01 3.519466326333055406e+01
1.700000000000000000e+01 3.044150537553459657e+01
1.800000000000000000e+01 2.577423406971825415e+01
1.900000000000000000e+01 2.659608938958909619e+01
2.000000000000000000e+01 2.418346520867010696e+01
2.100000000000000000e+01 2.172159314275992159e+01
2.200000000000000000e+01 2.559844336003968124e+01
2.300000000000000000e+01 2.046920478524583586e+01
2.400000000000000000e+01 1.938910245052491632e+01
2.500000000000000000e+01 1.764034586663197857e+01
2.600000000000000000e+01 1.715242067551372074e+01
2.700000000000000000e+01 1.605463113869079450e+01
2.800000000000000000e+01 1.368023187403727015e+01
2.900000000000000000e+01 1.467997290510119868e+01
3.000000000000000000e+01 1.284330446671957837e+01
3.100000000000000000e+01 1.332218172754904195e+01
3.200000000000000000e+01 1.183528354914501435e+01
3.300000000000000000e+01 1.194045378343023422e+01
3.400000000000000000e+01 1.216362146717129278e+01
3.500000000000000000e+01 1.093171761854730484e+01
3.600000000000000000e+01 9.984011871646149672e+00
3.700000000000000000e+01 9.658844145259472214e+00
3.800000000000000000e+01 8.856459966813675422e+00
3.900000000000000000e+01 8.814129693941636035e+00
4.000000000000000000e+01 7.959423227743669393e+00
4.100000000000000000e+01 8.708653301301628957e+00
4.200000000000000000e+01 7.388153668605919933e+00
4.300000000000000000e+01 7.309373491942280587e+00
4.400000000000000000e+01 6.725404649671881785e+00
4.500000000000000000e+01 6.183106168351992338e+00
4.600000000000000000e+01 5.862726891281629271e+00
4.700000000000000000e+01 5.719345031964658155e+00
4.800000000000000000e+01 5.266245865460597919e+00
4.900000000000000000e+01 5.078693424812470880e+00
5.000000000000000000e+01 5.008907058624306075e+00
5.100000000000000000e+01 5.039163127089992145e+00
5.200000000000000000e+01 4.750531747485652545e+00
5.300000000000000000e+01 4.503732891997906052e+00
5.400000000000000000e+01 4.097904021691793908e+00
5.500000000000000000e+01 4.001309545955272995e+00
5.600000000000000000e+01 3.980887928394356123e+00
5.700000000000000000e+01 3.852526346240380928e+00
5.800000000000000000e+01 3.753243743169187407e+00
5.900000000000000000e+01 3.614620483282840802e+00
6.000000000000000000e+01 3.355934032286056468e+00
6.100000000000000000e+01 3.283568049922133802e+00
6.200000000000000000e+01 3.230985147182387607e+00
6.300000000000000000e+01 3.166035414946199555e+00
6.400000000000000000e+01 3.108008496087006911e+00
6.500000000000000000e+01 3.107750669874326022e+00
6.600000000000000000e+01 2.795418318473931407e+00
6.700000000000000000e+01 2.772000316417578603e+00
6.800000000000000000e+01 2.883980286241782043e+00
6.900000000000000000e+01 2.597076196863193687e+00
7.000000000000000000e+01 2.604922005022415110e+00
7.100000000000000000e+01 2.442676977677778805e+00
7.200000000000000000e+01 2.478520982193224143e+00
7.300000000000000000e+01 2.439387645384277992e+00
7.400000000000000000e+01 2.351380942445812749e+00
7.500000000000000000e+01 2.404590892671334412e+00
7.600000000000000000e+01 2.274581754448437909e+00
7.700000000000000000e+01 2.270191328092054928e+00
7.800000000000000000e+01 2.208646705656340803e+00
7.900000000000000000e+01 2.204990588655375561e+00
8.000000000000000000e+01 2.208645155333509358e+00
8.100000000000000000e+01 2.106412332467358706e+00
8.200000000000000000e+01 2.138648744183357486e+00
8.300000000000000000e+01 2.050345511749537497e+00
8.400000000000000000e+01 2.063490036762122060e+00
8.500000000000000000e+01 2.024061460687656577e+00
8.600000000000000000e+01 1.993556029266781326e+00
8.700000000000000000e+01 1.972625607793981439e+00
8.800000000000000000e+01 1.922688546806874843e+00
8.900000000000000000e+01 1.901116429555295584e+00
9.000000000000000000e+01 1.876812286449201173e+00
9.100000000000000000e+01 1.900293859568509269e+00
9.200000000000000000e+01 1.841236312582035239e+00
9.300000000000000000e+01 1.875131372851554845e+00
9.400000000000000000e+01 1.850074315913999845e+00
9.500000000000000000e+01 1.828474755239005045e+00
9.600000000000000000e+01 1.801926686306192460e+00
9.700000000000000000e+01 1.789330518004870196e+00
9.800000000000000000e+01 1.770464086773419599e+00
9.900000000000000000e+01 1.764471073343296226e+00
1.000000000000000000e+02 1.766569232097779940e+00
1.010000000000000000e+02 1.736194767133154127e+00
1.020000000000000000e+02 1.728819842892463710e+00
1.030000000000000000e+02 1.738151672512593837e+00
1.040000000000000000e+02 1.743711811123472177e+00
1.050000000000000000e+02 1.720735568590838538e+00
1.060000000000000000e+02 1.723221710233977300e+00
1.070000000000000000e+02 1.692223182230284673e+00
1.080000000000000000e+02 1.683320593954336752e+00
1.090000000000000000e+02 1.715384528492436278e+00
1.100000000000000000e+02 1.674916130725783603e+00
1.110000000000000000e+02 1.663839867018690022e+00
1.120000000000000000e+02 1.661031241368765787e+00
1.130000000000000000e+02 1.664395114990195879e+00
1.140000000000000000e+02 1.661464428058778475e+00
1.150000000000000000e+02 1.658043612735440098e+00
1.160000000000000000e+02 1.661442477293688880e+00
1.170000000000000000e+02 1.668879592057430417e+00
1.180000000000000000e+02 1.652657707532246834e+00
1.190000000000000000e+02 1.646132646184979009e+00
1.200000000000000000e+02 1.643061196563219806e+00
1.210000000000000000e+02 1.658883456027869130e+00
1.220000000000000000e+02 1.643648657533857582e+00
1.230000000000000000e+02 1.634156384251334471e+00
1.240000000000000000e+02 1.645240058200527988e+00
1.250000000000000000e+02 1.629865405535457112e+00
1.260000000000000000e+02 1.647502341655769698e+00
1.270000000000000000e+02 1.612396726102540034e+00
1.280000000000000000e+02 1.628815269831455081e+00
1.290000000000000000e+02 1.630382475226816563e+00
1.300000000000000000e+02 1.611830227302782470e+00
1.310000000000000000e+02 1.615565887003233891e+00
1.320000000000000000e+02 1.635022306683087567e+00
1.330000000000000000e+02 1.607965205654953378e+00
1.340000000000000000e+02 1.610759996404551586e+00
1.350000000000000000e+02 1.622970793584380456e+00
1.360000000000000000e+02 1.616164422998524586e+00
1.370000000000000000e+02 1.617164491402982351e+00
1.380000000000000000e+02 1.585341775056087643e+00
1.390000000000000000e+02 1.635286610535900964e+00
1.400000000000000000e+02 1.592343921011144525e+00
1.410000000000000000e+02 1.577301287891888837e+00
1.420000000000000000e+02 1.586672348807556476e+00
1.430000000000000000e+02 1.592155492064928790e+00
1.440000000000000000e+02 1.605815187849179759e+00
1.450000000000000000e+02 1.583401366315706715e+00
1.460000000000000000e+02 1.585946028882806891e+00
1.470000000000000000e+02 1.598170148001776703e+00
1.480000000000000000e+02 1.601486759354369793e+00
1.490000000000000000e+02 1.589996998960321539e+00
1.500000000000000000e+02 1.599133952097459233e+00
1.510000000000000000e+02 1.585242424950455087e+00
1.520000000000000000e+02 1.582449240515930500e+00
1.530000000000000000e+02 1.591720865230367599e+00
1.540000000000000000e+02 1.601754501010432374e+00
1.550000000000000000e+02 1.579667138330864251e+00
1.560000000000000000e+02 1.582811704789749196e+00
1.570000000000000000e+02 1.589620533013584636e+00
1.580000000000000000e+02 1.578052790478022382e+00
1.590000000000000000e+02 1.578337125705950195e+00
1.600000000000000000e+02 1.561894900871045655e+00
1.610000000000000000e+02 1.569542639785342697e+00
1.620000000000000000e+02 1.560753747068270192e+00
1.630000000000000000e+02 1.571700574171663645e+00
1.640000000000000000e+02 1.552840068484797609e+00
1.650000000000000000e+02 1.568145258860154545e+00
1.660000000000000000e+02 1.561975479125976562e+00
1.670000000000000000e+02 1.570747627754404130e+00
1.680000000000000000e+02 1.573022666001560710e+00
1.690000000000000000e+02 1.553904385879786298e+00
1.700000000000000000e+02 1.562706979236217375e+00
1.710000000000000000e+02 1.554121042140806486e+00
1.720000000000000000e+02 1.576942714777859855e+00
1.730000000000000000e+02 1.566353203070284250e+00
1.740000000000000000e+02 1.560816390345795002e+00
1.750000000000000000e+02 1.564002382634866128e+00
1.760000000000000000e+02 1.554754482977318109e+00
1.770000000000000000e+02 1.567168693349819009e+00
1.780000000000000000e+02 1.569340592682963775e+00
1.790000000000000000e+02 1.555260534840400721e+00
1.800000000000000000e+02 1.564338778004501718e+00
1.810000000000000000e+02 1.563889920711517334e+00
1.820000000000000000e+02 1.547828159549019533e+00
1.830000000000000000e+02 1.545162300268809075e+00
1.840000000000000000e+02 1.549090213847882813e+00
1.850000000000000000e+02 1.546631193522250980e+00
1.860000000000000000e+02 1.551937447653876312e+00
1.870000000000000000e+02 1.550174537933234120e+00
1.880000000000000000e+02 1.548149739853059481e+00
1.890000000000000000e+02 1.548657573232746998e+00
1.900000000000000000e+02 1.552230956578495524e+00
1.910000000000000000e+02 1.547103232205516266e+00
1.920000000000000000e+02 1.547907972576642255e+00
1.930000000000000000e+02 1.553069984672045489e+00
1.940000000000000000e+02 1.547350858799134921e+00
1.950000000000000000e+02 1.550620707598599601e+00
1.960000000000000000e+02 1.544688499937153736e+00
1.970000000000000000e+02 1.552894725944056642e+00
1.980000000000000000e+02 1.546485096517235425e+00
1.990000000000000000e+02 1.547543823116957595e+00
2.000000000000000000e+02 1.546331138923914716e+00
2.010000000000000000e+02 1.548901972746608235e+00
2.020000000000000000e+02 1.545514909305957918e+00
2.030000000000000000e+02 1.548871185442413978e+00
2.040000000000000000e+02 1.546599837264629240e+00
2.050000000000000000e+02 1.544222047232618245e+00
2.060000000000000000e+02 1.542551456075726080e+00
2.070000000000000000e+02 1.544383732357410555e+00
2.080000000000000000e+02 1.540539735495441986e+00
2.090000000000000000e+02 1.542744885791431875e+00
2.100000000000000000e+02 1.541495937289613760e+00
2.110000000000000000e+02 1.542231237045442294e+00
2.120000000000000000e+02 1.542940505827316233e+00
2.130000000000000000e+02 1.545905995248544107e+00
2.140000000000000000e+02 1.541942577771466150e+00
2.150000000000000000e+02 1.542348086833953857e+00
2.160000000000000000e+02 1.540831484577872557e+00
2.170000000000000000e+02 1.540884297905546152e+00
2.180000000000000000e+02 1.544500887393951416e+00
2.190000000000000000e+02 1.543362727068891438e+00
2.200000000000000000e+02 1.542643176786827386e+00
2.210000000000000000e+02 1.542046660726720697e+00
2.220000000000000000e+02 1.541572988033294678e+00
2.230000000000000000e+02 1.543111781279246086e+00
2.240000000000000000e+02 1.542355405561851800e+00
2.250000000000000000e+02 1.544877607413012610e+00
2.260000000000000000e+02 1.540263355982424143e+00
2.270000000000000000e+02 1.539457258552011876e+00
2.280000000000000000e+02 1.538515833893207674e+00
2.290000000000000000e+02 1.540440069304572113e+00
2.300000000000000000e+02 1.540286401305535735e+00
2.310000000000000000e+02 1.539329700397722656e+00
2.320000000000000000e+02 1.540515005588531494e+00
2.330000000000000000e+02 1.538688839083970139e+00
2.340000000000000000e+02 1.539038617803592857e+00
2.350000000000000000e+02 1.538356094649343753e+00
2.360000000000000000e+02 1.541638267160666098e+00
2.370000000000000000e+02 1.540233553660036447e+00
2.380000000000000000e+02 1.539393127566636155e+00
2.390000000000000000e+02 1.539019019314737058e+00
2.400000000000000000e+02 1.538884113533328213e+00
2.410000000000000000e+02 1.538738717936506184e+00
2.420000000000000000e+02 1.539650900797410404e+00
2.430000000000000000e+02 1.541307894870488360e+00
2.440000000000000000e+02 1.538507783051693112e+00
2.450000000000000000e+02 1.539792929634903329e+00
2.460000000000000000e+02 1.540243464888948477e+00
2.470000000000000000e+02 1.538512307586092032e+00
2.480000000000000000e+02 1.538474931861415040e+00
2.490000000000000000e+02 1.537726439008809010e+00
2.500000000000000000e+02 1.537838291640233557e+00
2.510000000000000000e+02 1.538725962542524250e+00
2.520000000000000000e+02 1.538442433482468674e+00
2.530000000000000000e+02 1.538668587954357347e+00
2.540000000000000000e+02 1.538250655838937497e+00
2.550000000000000000e+02 1.539013972788146001e+00
2.560000000000000000e+02 1.538367898777277754e+00
2.570000000000000000e+02 1.538720902770456700e+00
2.580000000000000000e+02 1.538529162455086752e+00
2.590000000000000000e+02 1.538064337137973636e+00
2.600000000000000000e+02 1.538049896558125740e+00
2.610000000000000000e+02 1.538142874987438402e+00
2.620000000000000000e+02 1.538311751803966398e+00
2.630000000000000000e+02 1.539171993130385330e+00
2.640000000000000000e+02 1.538628646821686763e+00
2.650000000000000000e+02 1.537977639472845937e+00
2.660000000000000000e+02 1.539134708317843270e+00
2.670000000000000000e+02 1.538790941238403320e+00
2.680000000000000000e+02 1.537704685119667403e+00
2.690000000000000000e+02 1.537818620903323330e+00
2.700000000000000000e+02 1.537484645843505859e+00
2.710000000000000000e+02 1.537831620736555660e+00
2.720000000000000000e+02 1.537964598699049557e+00
2.730000000000000000e+02 1.538194424576229569e+00
2.740000000000000000e+02 1.537588648723833495e+00
2.750000000000000000e+02 1.538066611145481932e+00
2.760000000000000000e+02 1.537473402842126635e+00
2.770000000000000000e+02 1.538003117749185300e+00
2.780000000000000000e+02 1.537746699169428632e+00
2.790000000000000000e+02 1.536636007554603278e+00
2.800000000000000000e+02 1.538109000885125255e+00
2.810000000000000000e+02 1.537850994052309073e+00
2.820000000000000000e+02 1.537869307127865959e+00
2.830000000000000000e+02 1.537833237888837079e+00
2.840000000000000000e+02 1.537382491911300608e+00
2.850000000000000000e+02 1.538530408131955740e+00
2.860000000000000000e+02 1.537818196446004482e+00
2.870000000000000000e+02 1.537985259234303070e+00
2.880000000000000000e+02 1.537806727669455809e+00
2.890000000000000000e+02 1.537434330492308598e+00
2.900000000000000000e+02 1.537861603679079092e+00
2.910000000000000000e+02 1.537703405124972500e+00
2.920000000000000000e+02 1.538119178829771005e+00
2.930000000000000000e+02 1.537903196883924073e+00
2.940000000000000000e+02 1.537336174887840246e+00
2.950000000000000000e+02 1.537838938260319255e+00
2.960000000000000000e+02 1.538309958848086190e+00
2.970000000000000000e+02 1.537827020943766998e+00
2.980000000000000000e+02 1.537753678933538648e+00
2.990000000000000000e+02 1.537705817607918135e+00
3.000000000000000000e+02 1.537681085894806232e+00
3.010000000000000000e+02 1.537803866044439527e+00
3.020000000000000000e+02 1.537663569354047688e+00
3.030000000000000000e+02 1.537453936205969818e+00
3.040000000000000000e+02 1.538080235924383699e+00
3.050000000000000000e+02 1.537606453052674960e+00
3.060000000000000000e+02 1.537685190186355966e+00
3.070000000000000000e+02 1.537528550986087650e+00
3.080000000000000000e+02 1.537698797505311354e+00
3.090000000000000000e+02 1.537877656594671461e+00
3.100000000000000000e+02 1.537417215530318515e+00
3.110000000000000000e+02 1.537929235082684087e+00
3.120000000000000000e+02 1.537555443518089593e+00
3.130000000000000000e+02 1.537389047218091553e+00
3.140000000000000000e+02 1.538149383935061287e+00
3.150000000000000000e+02 1.537588412713522867e+00
3.160000000000000000e+02 1.537008109718862148e+00
3.170000000000000000e+02 1.538246802007309011e+00
3.180000000000000000e+02 1.537888233709816976e+00
3.190000000000000000e+02 1.537489217339139902e+00
3.200000000000000000e+02 1.537720939727744707e+00
3.210000000000000000e+02 1.537724447370779624e+00
3.220000000000000000e+02 1.537731982240773121e+00
3.230000000000000000e+02 1.537493600989833009e+00
3.240000000000000000e+02 1.537997961044311523e+00
3.250000000000000000e+02 1.537397362367071363e+00
3.260000000000000000e+02 1.537784154366965250e+00
3.270000000000000000e+02 1.537989944520622876e+00
3.280000000000000000e+02 1.537265088221039466e+00
3.290000000000000000e+02 1.537628500750570559e+00
3.300000000000000000e+02 1.538296143815975014e+00
3.310000000000000000e+02 1.537759308863167806e+00
3.320000000000000000e+02 1.537769874539038240e+00
3.330000000000000000e+02 1.537562653271838942e+00
3.340000000000000000e+02 1.537282627038281335e+00
3.350000000000000000e+02 1.538088174781413908e+00
3.360000000000000000e+02 1.537776741114529777e+00
3.370000000000000000e+02 1.537268928205123952e+00
3.380000000000000000e+02 1.537569677588915606e+00
3.390000000000000000e+02 1.537931858289121267e+00
3.400000000000000000e+02 1.538017835279907874e+00
3.410000000000000000e+02 1.537597148707418704e+00
3.420000000000000000e+02 1.537983926257701750e+00
3.430000000000000000e+02 1.537376946873135086e+00
3.440000000000000000e+02 1.537426517467306075e+00
3.450000000000000000e+02 1.537520323136840172e+00
3.460000000000000000e+02 1.537853323449992260e+00
3.470000000000000000e+02 1.537987142500251148e+00
3.480000000000000000e+02 1.537770218921430176e+00
3.490000000000000000e+02 1.537864240130992766e+00
3.500000000000000000e+02 1.537526467231788985e+00
3.510000000000000000e+02 1.537541431610030429e+00
3.520000000000000000e+02 1.537480370564894283e+00
3.530000000000000000e+02 1.537895422391217126e+00
3.540000000000000000e+02 1.537511511884554372e+00
3.550000000000000000e+02 1.538151293089895510e+00
3.560000000000000000e+02 1.537967662618617837e+00
3.570000000000000000e+02 1.537492186132103589e+00
3.580000000000000000e+02 1.537898192502031414e+00
3.590000000000000000e+02 1.537720685655420416e+00
3.600000000000000000e+02 1.537672476937072430e+00
3.610000000000000000e+02 1.537974377473195320e+00
3.620000000000000000e+02 1.537089073296749264e+00
3.630000000000000000e+02 1.537913321846663406e+00
3.640000000000000000e+02 1.537424709459747962e+00
3.650000000000000000e+02 1.537559331667543772e+00
3.660000000000000000e+02 1.537200171538073645e+00
3.670000000000000000e+02 1.537650229352893305e+00
3.680000000000000000e+02 1.537574188877837811e+00
3.690000000000000000e+02 1.537658654078088549e+00
3.700000000000000000e+02 1.537624875704447502e+00
3.710000000000000000e+02 1.537391940150597991e+00
3.720000000000000000e+02 1.537943507685805899e+00
3.730000000000000000e+02 1.537611577847991295e+00
3.740000000000000000e+02 1.537792211831218170e+00
3.750000000000000000e+02 1.537758659834813635e+00
3.760000000000000000e+02 1.537472078294465083e+00
3.770000000000000000e+02 1.537312491373582279e+00
3.780000000000000000e+02 1.537541995144853679e+00
3.790000000000000000e+02 1.537686201057048674e+00
3.800000000000000000e+02 1.537953096206742032e+00
3.810000000000000000e+02 1.537821825104530360e+00
3.820000000000000000e+02 1.538362795656377680e+00
3.830000000000000000e+02 1.537995768315864265e+00
3.840000000000000000e+02 1.537859625286526200e+00
3.850000000000000000e+02 1.537411041332013673e+00
3.860000000000000000e+02 1.537345051163374832e+00
3.870000000000000000e+02 1.537033008806633294e+00
3.880000000000000000e+02 1.537217456885058509e+00
3.890000000000000000e+02 1.537388543889980141e+00
3.900000000000000000e+02 1.537793061347922929e+00
3.910000000000000000e+02 1.537412111807351156e+00
3.920000000000000000e+02 1.537327679720791984e+00
3.930000000000000000e+02 1.537440711199635102e+00
3.940000000000000000e+02 1.537864005926883548e+00
3.950000000000000000e+02 1.537752635551221436e+00
3.960000000000000000e+02 1.537261137456604976e+00
3.970000000000000000e+02 1.537534165261971841e+00
3.980000000000000000e+02 1.537672962805237464e+00
3.990000000000000000e+02 1.537678155032071281e+00
