0.000000000000000000e+00 3.185049749755859375e+04
1.000000000000000000e+00 2.369589792588177716e+03
2.000000000000000000e+00 1.335576750601039180e+02
3.000000000000000000e+00 6.930031758897445116e+01
4.000000000000000000e+00 5.058903575644773554e+01
5.000000000000000000e+00 3.755647814975065302e+01
6.000000000000000000e+00 3.892386402452693517e+01
7.000000000000000000e+00 3.065886207889107951e+01
8.000000000000000000e+00 2.791257751338622128e+01
9.000000000000000000e+00 2.978822559468886411e+01
1.000000000000000000e+01 3.928548908584258470e+01
1.100000000000000000e+01 3.178541090909172340e+01
1.200000000000000000e+01 2.471856582164764404e+01
1.300000000000000000e+01 1.999419903404572452e+01
1.400000000000000000e+01 1.670179809892878708e+01
1.500000000000000000e+01 1.662395926784066447e+01
1.600000000000000000e+01 1.475585232061498253e+01
1.700000000000000000e+01 9.924258274190565388e+00
1.800000000000000000e+01 1.166903173222261358e+01
1.900000000000000000e+01 1.111903799281400751e+01
2.000000000000000000e+01 9.326446901349459750e+00
2.100000000000000000e+01 7.797403360114378401e+00
2.200000000000000000e+01 6.903951090924880241e+00
2.300000000000000000e+01 9.258027991827797010e+00
2.400000000000000000e+01 7.291444147334379622e+00
2.500000000000000000e+01 7.819019026616039980e+00
2.600000000000000000e+01 5.771375309018528021e+00
2.700000000000000000e+01 5.377499955541947152e+00
2.800000000000000000e+01 5.912583529949188232e+00
2.900000000000000000e+01 4.881659402566797645e+00
3.000000000000000000e+01 4.694321877816143740e+00
3.100000000000000000e+01 4.568248955642475906e+00
3.200000000000000000e+01 4.476117011378793364e+00
3.300000000000000000e+01 4.111233090653138689e+00
3.400000000000000000e+01 4.027535442043753022e+00
3.500000000000000000e+01 4.020234952954685248e+00
3.600000000000000000e+01 4.557958855348474891e+00
3.700000000000000000e+01 3.667545153814203651e+00
3.800000000000000000e+01 3.601643828784718337e+00
3.900000000000000000e+01 3.717043771463282020e+00
4.000000000000000000e+01 3.422763863030601872e+00
4.100000000000000000e+01 3.409567138727973568e+00
4.200000000000000000e+01 3.501515812733594135e+00
4.300000000000000000e+01 3.550655445631812679e+00
4.400000000000000000e+01 3.401759031940908784e+00
4.500000000000000000e+01 3.196807675501879498e+00
4.600000000000000000e+01 3.168240140466128896e+00
4.700000000000000000e+01 2.974305468447068002e+00
4.800000000000000000e+01 2.943828530171338276e+00
4.900000000000000000e+01 2.971859721576466384e+00
5.000000000000000000e+01 2.835563140756943490e+00
5.100000000000000000e+01 3.030472730889040012e+00
5.200000000000000000e+01 2.853176162523381798e+00
5.300000000000000000e+01 2.796317931483773833e+00
5.400000000000000000e+01 2.776912254445693229e+00
5.500000000000000000e+01 2.769882312592338192e+00
5.600000000000000000e+01 2.729397994630477164e+00
5.700000000000000000e+01 2.748736525283140164e+00
5.800000000000000000e+01 2.741237587788525776e+00
5.900000000000000000e+01 2.587789034142213840e+00
6.000000000000000000e+01 2.645932823419570923e+00
6.100000000000000000e+01 2.555653652724097835e+00
6.200000000000000000e+01 2.827444567399866493e+00
6.300000000000000000e+01 2.720575751627192673e+00
6.400000000000000000e+01 2.588699153240989315e+00
6.500000000000000000e+01 2.687045381349675743e+00
6.600000000000000000e+01 2.505763194140266048e+00
6.700000000000000000e+01 2.625988234491909434e+00
6.800000000000000000e+01 2.601118005373898701e+00
6.900000000000000000e+01 2.502675391295376972e+00
7.000000000000000000e+01 2.514677699874429351e+00
7.100000000000000000e+01 2.593224841005661752e+00
7.200000000000000000e+01 2.439574590500663387e+00
7.300000000000000000e+01 2.634574273053337468e+00
7.400000000000000000e+01 2.573506537605734223e+00
7.500000000000000000e+01 2.452878126326729191e+00
7.600000000000000000e+01 2.839297603158389638e+00
7.700000000000000000e+01 2.431172998512492356e+00
7.800000000000000000e+01 2.415608355227638615e+00
7.900000000000000000e+01 2.495478714213651639e+00
8.000000000000000000e+01 2.440588989678551091e+00
8.100000000000000000e+01 2.489891169702305618e+00
8.200000000000000000e+01 2.434013400007696504e+00
8.300000000000000000e+01 2.357402016134823253e+00
8.400000000000000000e+01 2.474732968737097139e+00
8.500000000000000000e+01 2.408381349900189594e+00
8.600000000000000000e+01 2.358460662996067825e+00
8.700000000000000000e+01 2.576260913820827891e+00
8.800000000000000000e+01 2.504200919586069496e+00
8.900000000000000000e+01 2.488267025526832210e+00
9.000000000000000000e+01 2.414203498293371553e+00
9.100000000000000000e+01 2.477960467338562012e+00
9.200000000000000000e+01 2.341208324712865441e+00
9.300000000000000000e+01 2.398968091782401668e+00
9.400000000000000000e+01 2.433254077154047401e+00
9.500000000000000000e+01 2.435276240110397339e+00
9.600000000000000000e+01 2.336199455401476666e+00
9.700000000000000000e+01 2.419040842967874916e+00
9.800000000000000000e+01 2.520371324875775532e+00
9.900000000000000000e+01 2.388711129917818088e+00
1.000000000000000000e+02 2.371285925893222402e+00
1.010000000000000000e+02 2.406194630791159028e+00
1.020000000000000000e+02 2.499932474949780659e+00
1.030000000000000000e+02 2.363690034431569664e+00
1.040000000000000000e+02 2.402516231817357628e+00
1.050000000000000000e+02 2.322449910290100838e+00
1.060000000000000000e+02 2.359269391087924550e+00
1.070000000000000000e+02 2.278836383539087684e+00
1.080000000000000000e+02 2.407598993357490169e+00
1.090000000000000000e+02 2.327791471691692760e+00
1.100000000000000000e+02 2.312800835160647939e+00
1.110000000000000000e+02 2.311667877085068490e+00
1.120000000000000000e+02 2.312613361022051617e+00
1.130000000000000000e+02 2.369572562329909537e+00
1.140000000000000000e+02 2.344073456876418327e+00
1.150000000000000000e+02 2.402638391536824791e+00
1.160000000000000000e+02 2.321353558231802339e+00
1.170000000000000000e+02 2.387531115728266151e+00
1.180000000000000000e+02 2.300669507068746178e+00
1.190000000000000000e+02 2.290664392359116341e+00
1.200000000000000000e+02 2.370910770752850727e+00
1.210000000000000000e+02 2.372996395125108737e+00
1.220000000000000000e+02 2.297258259618983445e+00
1.230000000000000000e+02 2.350088692763272480e+00
1.240000000000000000e+02 2.295348056975532902e+00
1.250000000000000000e+02 2.301293629057266976e+00
1.260000000000000000e+02 2.360176650916828933e+00
1.270000000000000000e+02 2.281297099940917228e+00
1.280000000000000000e+02 2.347124772913315560e+00
1.290000000000000000e+02 2.273763902047101215e+00
1.300000000000000000e+02 2.279014191206763851e+00
1.310000000000000000e+02 2.249701445593553562e+00
1.320000000000000000e+02 2.242957711219787598e+00
1.330000000000000000e+02 2.278292527970145809e+00
1.340000000000000000e+02 2.280809228911119479e+00
1.350000000000000000e+02 2.249630303943858323e+00
1.360000000000000000e+02 2.273498249404570792e+00
1.370000000000000000e+02 2.264926899881924083e+00
1.380000000000000000e+02 2.254654430291231915e+00
1.390000000000000000e+02 2.279126635369132625e+00
1.400000000000000000e+02 2.262253070578855496e+00
1.410000000000000000e+02 2.282881086363512058e+00
1.420000000000000000e+02 2.284635282614651874e+00
1.430000000000000000e+02 2.259245898793725615e+00
1.440000000000000000e+02 2.318400037639281486e+00
1.450000000000000000e+02 2.281273975091822059e+00
1.460000000000000000e+02 2.283121378982768235e+00
1.470000000000000000e+02 2.245444117223515335e+00
1.480000000000000000e+02 2.260763871319153573e+00
1.490000000000000000e+02 2.250239405561895722e+00
1.500000000000000000e+02 2.261512232177397941e+00
1.510000000000000000e+02 2.252966495121226487e+00
1.520000000000000000e+02 2.285339807762819309e+00
1.530000000000000000e+02 2.255484957905376842e+00
1.540000000000000000e+02 2.281824722009546669e+00
1.550000000000000000e+02 2.256005267886554311e+00
1.560000000000000000e+02 2.241159426815369393e+00
1.570000000000000000e+02 2.243324728573069748e+00
1.580000000000000000e+02 2.257899331695893075e+00
1.590000000000000000e+02 2.249659157851163105e+00
1.600000000000000000e+02 2.245162490536184663e+00
1.610000000000000000e+02 2.241806107408859994e+00
1.620000000000000000e+02 2.247496888918035118e+00
1.630000000000000000e+02 2.245341125656576509e+00
1.640000000000000000e+02 2.251373319064869705e+00
1.650000000000000000e+02 2.240358205402598557e+00
1.660000000000000000e+02 2.247852981090545654e+00
1.670000000000000000e+02 2.244684860986821739e+00
1.680000000000000000e+02 2.251790832070743154e+00
1.690000000000000000e+02 2.259336566223817844e+00
1.700000000000000000e+02 2.247590773245867535e+00
1.710000000000000000e+02 2.245315318598466892e+00
1.720000000000000000e+02 2.248272590777453228e+00
1.730000000000000000e+02 2.260737976607154476e+00
1.740000000000000000e+02 2.246079490465276329e+00
1.750000000000000000e+02 2.241989850997924805e+00
1.760000000000000000e+02 2.253407897318110642e+00
1.770000000000000000e+02 2.248571544885635376e+00
1.780000000000000000e+02 2.249437703805811317e+00
1.790000000000000000e+02 2.241644322872161865e+00
1.800000000000000000e+02 2.236168915734571438e+00
1.810000000000000000e+02 2.240215182304382324e+00
1.820000000000000000e+02 2.243911478449316377e+00
1.830000000000000000e+02 2.241288162329617695e+00
1.840000000000000000e+02 2.246479991604299897e+00
1.850000000000000000e+02 2.255719290060155480e+00
1.860000000000000000e+02 2.242687519858865386e+00
1.870000000000000000e+02 2.237196401638143151e+00
1.880000000000000000e+02 2.244019276955548481e+00
1.890000000000000000e+02 2.242677741190966412e+00
1.900000000000000000e+02 2.240458399057388306e+00
1.910000000000000000e+02 2.235903294647441086e+00
1.920000000000000000e+02 2.237613993532517220e+00
1.930000000000000000e+02 2.244249461328282180e+00
1.940000000000000000e+02 2.240251074819003652e+00
1.950000000000000000e+02 2.238804666435017410e+00
1.960000000000000000e+02 2.236232526162091450e+00
1.970000000000000000e+02 2.233646615463144691e+00
1.980000000000000000e+02 2.238479289938421601e+00
1.990000000000000000e+02 2.241450267679550912e+00
2.000000000000000000e+02 2.233057891621309299e+00
2.010000000000000000e+02 2.234983498559278470e+00
2.020000000000000000e+02 2.237129868829951462e+00
2.030000000000000000e+02 2.235777648056254563e+00
2.040000000000000000e+02 2.236237266484428776e+00
2.050000000000000000e+02 2.235551222282297523e+00
2.060000000000000000e+02 2.238953655256944675e+00
2.070000000000000000e+02 2.237971926436704617e+00
2.080000000000000000e+02 2.234782161081538376e+00
2.090000000000000000e+02 2.233955932014128898e+00
2.100000000000000000e+02 2.234228337512296658e+00
2.110000000000000000e+02 2.234910244450849515e+00
2.120000000000000000e+02 2.236202129546333683e+00
2.130000000000000000e+02 2.236846597755656418e+00
2.140000000000000000e+02 2.234277735738193105e+00
2.150000000000000000e+02 2.238077158437055569e+00
2.160000000000000000e+02 2.234428833512698720e+00
2.170000000000000000e+02 2.235373272615320595e+00
2.180000000000000000e+02 2.235573780887267326e+00
2.190000000000000000e+02 2.233878424938987362e+00
2.200000000000000000e+02 2.234725654125213623e+00
2.210000000000000000e+02 2.233454429051455303e+00
2.220000000000000000e+02 2.234295781920938140e+00
2.230000000000000000e+02 2.234585544642280208e+00
2.240000000000000000e+02 2.232355868115144748e+00
2.250000000000000000e+02 2.234110479845720310e+00
2.260000000000000000e+02 2.233191407778683857e+00
2.270000000000000000e+02 2.234211832284927368e+00
2.280000000000000000e+02 2.233203134116004573e+00
2.290000000000000000e+02 2.234800212523516461e+00
2.300000000000000000e+02 2.232964070404277024e+00
2.310000000000000000e+02 2.232570378219380203e+00
2.320000000000000000e+02 2.233747065067291260e+00
2.330000000000000000e+02 2.232916356886134324e+00
2.340000000000000000e+02 2.233767981038373929e+00
2.350000000000000000e+02 2.236064700519337478e+00
2.360000000000000000e+02 2.232738063615911095e+00
2.370000000000000000e+02 2.234318270402796180e+00
2.380000000000000000e+02 2.233640926725724007e+00
2.390000000000000000e+02 2.233850989271612519e+00
2.400000000000000000e+02 2.235505561618243764e+00
2.410000000000000000e+02 2.234490573406219482e+00
2.420000000000000000e+02 2.234950719510807815e+00
2.430000000000000000e+02 2.235078590757706429e+00
2.440000000000000000e+02 2.234039233011357872e+00
2.450000000000000000e+02 2.234703139347188561e+00
2.460000000000000000e+02 2.233276505680645396e+00
2.470000000000000000e+02 2.235968877287472178e+00
2.480000000000000000e+02 2.235615444533965324e+00
2.490000000000000000e+02 2.234198752571554536e+00
2.500000000000000000e+02 2.234522670507431030e+00
2.510000000000000000e+02 2.234235302490346520e+00
2.520000000000000000e+02 2.233097704017863450e+00
2.530000000000000000e+02 2.232704451855491268e+00
2.540000000000000000e+02 2.235264062881469727e+00
2.550000000000000000e+02 2.232768930056515888e+00
2.560000000000000000e+02 2.232983533073873872e+00
2.570000000000000000e+02 2.232868487344068509e+00
2.580000000000000000e+02 2.232873716775108708e+00
2.590000000000000000e+02 2.232700540738947304e+00
2.600000000000000000e+02 2.234915358178755973e+00
2.610000000000000000e+02 2.235346382155138034e+00
2.620000000000000000e+02 2.233058480655445877e+00
2.630000000000000000e+02 2.232752850827048885e+00
2.640000000000000000e+02 2.234636013998704929e+00
2.650000000000000000e+02 2.232180842581917180e+00
2.660000000000000000e+02 2.233899097232257436e+00
2.670000000000000000e+02 2.233073504532084641e+00
2.680000000000000000e+02 2.233712641631855789e+00
2.690000000000000000e+02 2.233829415896359638e+00
2.700000000000000000e+02 2.233845389941159443e+00
2.710000000000000000e+02 2.235019035199109272e+00
2.720000000000000000e+02 2.232473156031440364e+00
2.730000000000000000e+02 2.233213603496551514e+00
2.740000000000000000e+02 2.234594608054441434e+00
2.750000000000000000e+02 2.235748341854880916e+00
2.760000000000000000e+02 2.233286955777336491e+00
2.770000000000000000e+02 2.232154762043672580e+00
2.780000000000000000e+02 2.233670469592599517e+00
2.790000000000000000e+02 2.232802306904512424e+00
2.800000000000000000e+02 2.233076339258867282e+00
2.810000000000000000e+02 2.234789285589666719e+00
2.820000000000000000e+02 2.232658722821403874e+00
2.830000000000000000e+02 2.232730646343792369e+00
2.840000000000000000e+02 2.234268339241252121e+00
2.850000000000000000e+02 2.232907070833094032e+00
2.860000000000000000e+02 2.232716853127759915e+00
2.870000000000000000e+02 2.234989085618187321e+00
2.880000000000000000e+02 2.232500800315071476e+00
2.890000000000000000e+02 2.233355338082593899e+00
2.900000000000000000e+02 2.234680217855117057e+00
2.910000000000000000e+02 2.235841568778543120e+00
2.920000000000000000e+02 2.231938172789181163e+00
2.930000000000000000e+02 2.233332988093881255e+00
2.940000000000000000e+02 2.233173214337405010e+00
2.950000000000000000e+02 2.236027994576622380e+00
2.960000000000000000e+02 2.232753338182673630e+00
2.970000000000000000e+02 2.234810464522417828e+00
2.980000000000000000e+02 2.232062458992004395e+00
2.990000000000000000e+02 2.233595439616371525e+00
3.000000000000000000e+02 2.232351474902209088e+00
3.010000000000000000e+02 2.233427806812174232e+00
3.020000000000000000e+02 2.233056680244557946e+00
3.030000000000000000e+02 2.232608388451968739e+00
3.040000000000000000e+02 2.232774916817160005e+00
3.050000000000000000e+02 2.232187695362988666e+00
3.060000000000000000e+02 2.233073713148341355e+00
3.070000000000000000e+02 2.234829751884236160e+00
3.080000000000000000e+02 2.235213458538055420e+00
3.090000000000000000e+02 2.233055135783027279e+00
3.100000000000000000e+02 2.234151838456883254e+00
3.110000000000000000e+02 2.233525523368049992e+00
3.120000000000000000e+02 2.234500367851818492e+00
3.130000000000000000e+02 2.233314698233324069e+00
3.140000000000000000e+02 2.235066910000408580e+00
3.150000000000000000e+02 2.234662616954130154e+00
3.160000000000000000e+02 2.236459854771108979e+00
3.170000000000000000e+02 2.233599175425136973e+00
3.180000000000000000e+02 2.234213850077460872e+00
3.190000000000000000e+02 2.232477547491297898e+00
3.200000000000000000e+02 2.232892625472124859e+00
3.210000000000000000e+02 2.233220708720824454e+00
3.220000000000000000e+02 2.232574338422101956e+00
3.230000000000000000e+02 2.233239158111460121e+00
3.240000000000000000e+02 2.233989627922282395e+00
3.250000000000000000e+02 2.234177712131948823e+00
3.260000000000000000e+02 2.232249003999373649e+00
3.270000000000000000e+02 2.233661876005284874e+00
3.280000000000000000e+02 2.233457968515508263e+00
3.290000000000000000e+02 2.232790240470100773e+00
3.300000000000000000e+02 2.234181388336069496e+00
3.310000000000000000e+02 2.233018883887459172e+00
3.320000000000000000e+02 2.233793372617048245e+00
3.330000000000000000e+02 2.232595503330230713e+00
3.340000000000000000e+02 2.232120780383839431e+00
3.350000000000000000e+02 2.232666518758325225e+00
3.360000000000000000e+02 2.233095526695251465e+00
3.370000000000000000e+02 2.232805469456840886e+00
3.380000000000000000e+02 2.232440746882382587e+00
3.390000000000000000e+02 2.232940126867855479e+00
3.400000000000000000e+02 2.232795164865605919e+00
3.410000000000000000e+02 2.233606345513287739e+00
3.420000000000000000e+02 2.232098428642048660e+00
3.430000000000000000e+02 2.233346956617691781e+00
3.440000000000000000e+02 2.233075013932059871e+00
3.450000000000000000e+02 2.232087650719810856e+00
3.460000000000000000e+02 2.231932878494262695e+00
3.470000000000000000e+02 2.235449994311613064e+00
3.480000000000000000e+02 2.232783868032343300e+00
3.490000000000000000e+02 2.233668481602388400e+00
3.500000000000000000e+02 2.233142102465909939e+00
3.510000000000000000e+02 2.234608925440732197e+00
3.520000000000000000e+02 2.233707936371073899e+00
3.530000000000000000e+02 2.231971824870389920e+00
3.540000000000000000e+02 2.234158635139465332e+00
3.550000000000000000e+02 2.233253070536781681e+00
3.560000000000000000e+02 2.232544162694145573e+00
3.570000000000000000e+02 2.232806040960199745e+00
3.580000000000000000e+02 2.232501433176152794e+00
3.590000000000000000e+02 2.232179948512245549e+00
3.600000000000000000e+02 2.233661861980662522e+00
3.610000000000000000e+02 2.233676358180887611e+00
3.620000000000000000e+02 2.232838846304837421e+00
3.630000000000000000e+02 2.231900080161936195e+00
3.640000000000000000e+02 2.232442973291172805e+00
3.650000000000000000e+02 2.234755454694523635e+00
3.660000000000000000e+02 2.232186857391806001e+00
3.670000000000000000e+02 2.232942965100793486e+00
3.680000000000000000e+02 2.232237789560766572e+00
3.690000000000000000e+02 2.232494799529805007e+00
3.700000000000000000e+02 2.232799181166817082e+00
3.710000000000000000e+02 2.233017618165296536e+00
3.720000000000000000e+02 2.232388832989860905e+00
3.730000000000000000e+02 2.233675383469637676e+00
3.740000000000000000e+02 2.236643547520917874e+00
3.750000000000000000e+02 2.231088051024605168e+00
3.760000000000000000e+02 2.233360416748944477e+00
3.770000000000000000e+02 2.232238275163314078e+00
3.780000000000000000e+02 2.233700748752145415e+00
3.790000000000000000e+02 2.234102669884176606e+00
3.800000000000000000e+02 2.231984567992827628e+00
3.810000000000000000e+02 2.232801993103588512e+00
3.820000000000000000e+02 2.232147274648442092e+00
3.830000000000000000e+02 2.233633775921429088e+00
3.840000000000000000e+02 2.233749340562259267e+00
3.850000000000000000e+02 2.232413125388762687e+00
3.860000000000000000e+02 2.232906758785247803e+00
3.870000000000000000e+02 2.233752741533167274e+00
3.880000000000000000e+02 2.234657708336325044e+00
3.890000000000000000e+02 2.232478671214159771e+00
3.900000000000000000e+02 2.232639076078639206e+00
3.910000000000000000e+02 2.232169735081055428e+00
3.920000000000000000e+02 2.232126910896862437e+00
3.930000000000000000e+02 2.232776420957901742e+00
3.940000000000000000e+02 2.233432422665988515e+00
3.950000000000000000e+02 2.231718494611627968e+00
3.960000000000000000e+02 2.232281355296864334e+00
3.970000000000000000e+02 2.232155307250864418e+00
3.980000000000000000e+02 2.231563957298503098e+00
3.990000000000000000e+02 2.232259022838928963e+00
